0 0.071834 0.296611 0.072240 0.087054
0 0.098620 0.606838 0.101461 0.150365
0 0.214692 0.534030 0.078734 0.137703
0 0.337256 0.620292 0.098214 0.148782
0 0.269075 0.943892 0.101461 0.112216
0 0.426136 0.920942 0.123377 0.158116
0 0.578328 0.794399 0.114448 0.110795
0 0.808036 0.692309 0.088474 0.144034
0 0.872159 0.660653 0.065747 0.128206
0 0.957792 0.466761 0.084416 0.155114
0 0.961039 0.918567 0.077922 0.162865
0 0.762581 0.428774 0.044643 0.113961
0 0.844562 0.390787 0.078734 0.104464
0 0.925731 0.204809 0.065747 0.096550
0 0.669237 0.136749 0.059253 0.068060
0 0.611607 0.352800 0.064123 0.104464
0 0.548295 0.392370 0.049513 0.063312
0 0.637175 0.598133 0.050325 0.104464
0 0.420049 0.366254 0.072240 0.109213
0 0.352679 0.241213 0.059253 0.096550
0 0.133523 0.136749 0.064123 0.093385