0 0.119503 0.649471 0.070286 0.105820
0 0.212783 0.595238 0.059005 0.113757
0 0.330360 0.665344 0.066815 0.097884
0 0.270487 0.942460 0.096317 0.083333
0 0.432317 0.912698 0.118011 0.140212
0 0.584603 0.805556 0.087640 0.097884
0 0.813249 0.730159 0.090243 0.097884
0 0.964233 0.542328 0.065947 0.084656
0 0.927788 0.354497 0.067683 0.082011
0 0.763788 0.517196 0.055534 0.105820
0 0.845788 0.478175 0.065079 0.101852
0 0.551630 0.488757 0.035577 0.062169
0 0.602825 0.455026 0.066815 0.097884
0 0.670942 0.291005 0.053799 0.068783
0 0.816286 0.183862 0.049460 0.044974
0 0.705651 0.198413 0.078095 0.047619
0 0.597185 0.144180 0.034709 0.063492
0 0.509545 0.115079 0.067683 0.079365
0 0.434921 0.214947 0.078095 0.085979
0 0.424508 0.485450 0.071153 0.105820
0 0.348148 0.387566 0.065947 0.089947
0 0.075249 0.404101 0.061608 0.070106
0 0.141630 0.294312 0.064212 0.083333
0 0.172434 0.204365 0.066815 0.078042
0 0.269185 0.208333 0.067683 0.059524
0 0.400212 0.040344 0.052063 0.056878
0 0.293481 0.033069 0.048593 0.058201
0 0.093471 0.037037 0.051196 0.060847