0 0.068994 0.066813 0.084416 0.086937
0 0.071023 0.381585 0.086851 0.131905
0 0.180195 0.299145 0.079545 0.101926
0 0.181412 0.024413 0.065747 0.048826
0 0.288961 0.368845 0.061688 0.115417
0 0.215097 0.547216 0.076299 0.109421
0 0.110795 0.586937 0.083604 0.107922
0 0.319399 0.615417 0.081981 0.113918
0 0.386364 0.410065 0.097403 0.122911
0 0.467127 0.370344 0.068994 0.130406
0 0.389610 0.090795 0.086039 0.101926
0 0.568182 0.027841 0.107143 0.047965
0 0.689529 0.034905 0.093344 0.069810
0 0.562500 0.319380 0.097403 0.124410
0 0.622565 0.194221 0.064935 0.095931
0 0.685877 0.317132 0.069805 0.101926
0 0.607549 0.514989 0.081981 0.128907
0 0.490666 0.588436 0.075487 0.149892
0 0.702922 0.588436 0.084416 0.122911
0 0.790990 0.467773 0.073864 0.136402
0 0.883929 0.556959 0.081169 0.134903
0 0.975244 0.568950 0.049512 0.140898
0 0.962662 0.363598 0.074675 0.134903
0 0.886364 0.268417 0.071429 0.130406
0 0.783279 0.248931 0.076299 0.139399
0 0.961851 0.069061 0.076298 0.091434