0 0.349572 0.620370 0.156597 0.203704
0 0.509491 0.674603 0.136667 0.232804
0 0.738218 0.726852 0.119583 0.141534
0 0.895289 0.667328 0.105347 0.160053
0 0.966470 0.679894 0.055995 0.148148
0 0.089525 0.597222 0.166088 0.305556
0 0.224294 0.087302 0.162292 0.140212
0 0.384213 0.181217 0.081620 0.150794
0 0.520405 0.140212 0.063588 0.150794
0 0.681748 0.214286 0.078773 0.153439
0 0.751979 0.196429 0.061690 0.130952
0 0.854005 0.262566 0.068333 0.101852
0 0.916644 0.183862 0.053148 0.055556
0 0.976435 0.356481 0.043657 0.070106